model-1-11-64-0.0-0.0001-1.0-64 0.626 0.356 0.238 0.521
model-1-13-64-0.0-0.0001-0.75-64 0.632 0.363 0.222 0.521
model-1-13-64-0.0-0.0001-1.0-32 0.604 0.349 0.295 0.521
model-1-7-256-0.001-0.001-0.75-32 0.625 0.353 0.245 0.521
model-3-13-100-0.001-0.0001-1.0-64 0.622 0.352 0.256 0.521
model-1-11-64-0.0001-0.001-0.5-64 0.63 0.36 0.229 0.522
model-1-7-256-0.0-0.0001-1.0-32 0.611 0.348 0.285 0.522
model-1-9-256-0.0-0.0001-1.0-64 0.611 0.35 0.284 0.522
model-1-9-256-0.0001-0.0001-0.5-64 0.613 0.351 0.279 0.522
model-1-9-64-0.0001-0.0001-0.5-32 0.623 0.356 0.251 0.522
model-1-9-64-0.0001-0.0001-1.0-32 0.63 0.359 0.233 0.522
model-3-9-100-0.0-0.0001-1.0-64 0.615 0.348 0.275 0.522
model-1-7-256-0.0001-0.0001-1.0-32 0.617 0.353 0.273 0.523
model-1-9-256-0.0001-0.0001-0.5-32 0.619 0.356 0.267 0.523
model-1-9-64-0.001-0.0001-0.75-64 0.621 0.357 0.263 0.523
model-1-11-256-0.001-0.001-0.5-32 0.614 0.355 0.282 0.524
model-1-11-64-0.0-0.001-1.0-32 0.631 0.365 0.239 0.524
model-1-11-64-0.0001-0.0001-1.0-64 0.634 0.367 0.226 0.524
model-1-13-256-0.0001-0.001-1.0-64 0.63 0.366 0.238 0.524
model-1-13-64-0.0001-0.0001-0.75-32 0.621 0.36 0.261 0.524
model-1-13-64-0.001-0.001-0.75-64 0.606 0.354 0.304 0.524
model-1-7-256-0.001-0.0001-1.0-64 0.602 0.348 0.317 0.524
model-3-11-100-0.0001-0.0001-0.75-32 0.606 0.348 0.306 0.524
model-3-7-100-0.0-0.001-1.0-32 0.639 0.363 0.224 0.524
model-1-11-256-0.0-0.001-0.5-32 0.631 0.367 0.24 0.525
model-1-11-256-0.0001-0.001-1.0-32 0.627 0.363 0.252 0.525
model-1-11-256-0.001-0.0001-1.0-32 0.614 0.357 0.288 0.525
model-1-11-64-0.0-0.0001-0.75-32 0.632 0.367 0.236 0.525
model-1-11-64-0.0001-0.0001-1.0-32 0.618 0.36 0.275 0.525
model-1-7-64-0.0-0.001-1.0-32 0.618 0.356 0.276 0.525
model-1-9-256-0.0-0.0001-0.75-32 0.607 0.353 0.306 0.525
model-3-13-100-0.0-0.0001-0.75-64 0.613 0.352 0.292 0.525
model-3-13-100-0.001-0.0001-0.75-64 0.638 0.367 0.226 0.525
model-3-9-100-0.0-0.0001-0.5-64 0.615 0.352 0.288 0.525
model-3-9-100-0.0001-0.0001-1.0-64 0.634 0.363 0.24 0.525
model-1-11-256-0.0-0.001-1.0-32 0.632 0.369 0.242 0.526
model-1-11-64-0.0-0.0001-1.0-32 0.626 0.365 0.258 0.526
model-1-7-256-0.0-0.0001-1.0-64 0.627 0.362 0.259 0.526
model-1-7-256-0.0-0.001-0.75-32 0.629 0.363 0.25 0.526
model-1-7-256-0.0-0.001-1.0-32 0.609 0.353 0.306 0.526
model-1-7-256-0.0001-0.0001-0.75-32 0.628 0.363 0.256 0.526
model-1-7-64-0.001-0.001-1.0-64 0.638 0.371 0.229 0.526
model-1-9-64-0.001-0.0001-1.0-64 0.613 0.357 0.295 0.526
model-3-7-100-0.0-0.001-0.75-32 0.638 0.365 0.233 0.526
model-1-13-256-0.0001-0.001-0.75-32 0.621 0.364 0.273 0.527
model-1-13-256-0.001-0.0001-0.5-32 0.61 0.359 0.305 0.527
model-1-9-64-0.0001-0.001-1.0-64 0.632 0.368 0.244 0.527
model-1-11-256-0.0-0.001-0.75-32 0.634 0.373 0.243 0.528
model-1-11-64-0.0001-0.001-0.75-64 0.622 0.365 0.276 0.528
model-1-11-64-0.001-0.0001-1.0-64 0.622 0.365 0.277 0.528
model-1-13-256-0.0001-0.001-0.5-32 0.62 0.365 0.281 0.528
model-1-7-64-0.0001-0.001-1.0-32 0.616 0.359 0.295 0.528
model-1-9-100-0.001-0.001-1.0-64 0.642 0.378 0.221 0.528
model-1-9-64-0.0-0.0001-1.0-32 0.611 0.359 0.307 0.528
model-3-11-100-0.001-0.0001-0.5-64 0.636 0.369 0.243 0.528
model-1-13-256-0.001-0.001-0.5-64 0.611 0.362 0.309 0.529
model-1-13-64-0.001-0.001-0.75-32 0.631 0.374 0.252 0.529
model-1-13-64-0.001-0.001-1.0-64 0.629 0.372 0.259 0.529
model-1-7-256-0.001-0.0001-1.0-32 0.61 0.358 0.313 0.529
model-1-7-64-0.0001-0.001-1.0-64 0.633 0.37 0.252 0.529
model-1-9-256-0.001-0.0001-0.75-32 0.606 0.357 0.323 0.529
model-1-9-64-0.0-0.0001-1.0-64 0.603 0.356 0.329 0.529
model-3-11-100-0.0-0.0001-1.0-64 0.623 0.362 0.279 0.529
model-1-13-256-0.0-0.001-0.75-32 0.628 0.373 0.267 0.53
model-1-13-256-0.0001-0.0001-0.5-32 0.617 0.367 0.295 0.53
model-1-13-256-0.001-0.001-0.75-32 0.638 0.381 0.239 0.53
model-1-13-64-0.0-0.001-1.0-64 0.633 0.376 0.252 0.53
model-1-13-64-0.0001-0.0001-1.0-32 0.623 0.369 0.28 0.53
model-1-13-64-0.0001-0.001-0.75-64 0.627 0.372 0.267 0.53
model-1-7-64-0.0-0.0001-0.5-64 0.602 0.355 0.338 0.53
model-1-7-64-0.001-0.001-1.0-32 0.619 0.362 0.294 0.53
model-1-9-64-0.0001-0.001-0.75-64 0.614 0.362 0.304 0.53
model-1-11-256-0.0-0.0001-1.0-64 0.635 0.379 0.252 0.531
model-1-11-256-0.001-0.0001-1.0-64 0.628 0.372 0.268 0.531
model-1-11-64-0.0-0.001-0.5-64 0.633 0.376 0.257 0.531
model-1-11-64-0.001-0.001-1.0-64 0.646 0.389 0.224 0.531
model-1-13-256-0.0-0.0001-0.5-32 0.611 0.364 0.316 0.531
model-1-7-256-0.0001-0.001-0.75-64 0.646 0.384 0.224 0.531
model-1-9-256-0.0-0.0001-0.75-64 0.608 0.36 0.325 0.531
model-1-9-256-0.0001-0.0001-1.0-64 0.604 0.359 0.335 0.531
model-1-9-64-0.0-0.0001-0.75-64 0.602 0.358 0.339 0.531
model-3-9-100-0.001-0.0001-0.5-64 0.616 0.36 0.305 0.531
model-1-13-64-0.0-0.001-0.5-32 0.609 0.364 0.323 0.532
model-1-13-64-0.001-0.0001-1.0-32 0.604 0.362 0.335 0.532
model-1-13-64-0.001-0.0001-1.0-64 0.613 0.367 0.314 0.532
model-1-7-256-0.0-0.001-0.75-64 0.626 0.369 0.284 0.532
model-1-7-256-0.0001-0.001-1.0-32 0.621 0.366 0.295 0.532
model-1-7-256-0.0001-0.001-1.0-64 0.641 0.381 0.244 0.532
model-1-7-64-0.0-0.001-1.0-64 0.637 0.378 0.252 0.532
model-1-9-256-0.0001-0.001-0.5-64 0.623 0.369 0.287 0.532
model-1-9-256-0.0001-0.001-1.0-64 0.639 0.382 0.245 0.532
model-1-9-64-0.0-0.001-1.0-64 0.631 0.375 0.268 0.532
model-1-11-256-0.0001-0.0001-0.5-32 0.629 0.376 0.273 0.533
model-1-11-256-0.0001-0.001-0.5-32 0.629 0.376 0.275 0.533
model-1-11-256-0.0001-0.001-0.5-64 0.63 0.377 0.273 0.533
model-1-11-256-0.001-0.0001-0.5-32 0.604 0.362 0.345 0.533
model-1-13-64-0.0-0.001-0.75-64 0.613 0.367 0.315 0.533
model-1-7-256-0.001-0.001-1.0-32 0.626 0.37 0.284 0.533
model-1-9-100-0.0001-0.001-0.5-64 0.63 0.376 0.276 0.533
model-1-9-256-0.0-0.001-1.0-64 0.617 0.366 0.307 0.533
model-1-9-256-0.0001-0.001-0.75-64 0.613 0.365 0.317 0.533
model-1-9-256-0.001-0.0001-1.0-64 0.62 0.369 0.301 0.533
model-1-9-256-0.001-0.001-0.5-32 0.634 0.378 0.26 0.533
model-1-9-64-0.001-0.001-0.75-64 0.614 0.365 0.315 0.533
model-1-9-64-0.001-0.001-1.0-64 0.62 0.369 0.3 0.533
model-1-11-256-0.0-0.001-0.5-64 0.629 0.377 0.276 0.534
model-1-11-256-0.0001-0.0001-1.0-64 0.628 0.376 0.279 0.534
model-1-9-256-0.001-0.001-0.75-64 0.624 0.372 0.293 0.534
model-1-9-64-0.001-0.001-0.5-32 0.604 0.362 0.346 0.534
model-1-11-64-0.0001-0.001-1.0-64 0.613 0.368 0.326 0.535
model-1-13-256-0.0001-0.001-0.5-64 0.638 0.388 0.258 0.535
model-1-13-256-0.001-0.0001-1.0-32 0.616 0.371 0.319 0.535
model-1-9-256-0.0001-0.001-0.5-32 0.622 0.373 0.304 0.535
model-1-11-256-0.001-0.001-1.0-64 0.624 0.376 0.299 0.536
model-1-11-64-0.0-0.001-1.0-64 0.631 0.381 0.279 0.536
model-1-13-256-0.0-0.0001-1.0-32 0.605 0.367 0.348 0.536
model-1-13-64-0.0-0.001-0.75-32 0.614 0.371 0.324 0.536
model-1-7-256-0.0001-0.0001-1.0-64 0.609 0.365 0.342 0.536
model-1-7-256-0.001-0.001-0.75-64 0.636 0.382 0.272 0.536
model-1-11-64-0.0-0.001-0.75-64 0.628 0.38 0.291 0.537
model-1-13-64-0.0-0.001-1.0-32 0.641 0.392 0.255 0.537
model-1-13-64-0.0001-0.001-1.0-32 0.628 0.382 0.29 0.537
model-1-7-256-0.001-0.001-1.0-64 0.643 0.389 0.255 0.537
model-1-9-256-0.0-0.001-0.75-64 0.619 0.373 0.316 0.537
model-1-9-256-0.0001-0.0001-0.75-64 0.613 0.37 0.334 0.537
model-1-9-64-0.0-0.001-0.75-64 0.61 0.367 0.341 0.537
model-1-9-64-0.001-0.001-0.5-64 0.617 0.372 0.323 0.537
model-1-11-256-0.0-0.0001-1.0-32 0.617 0.374 0.326 0.538
model-1-11-256-0.0-0.001-0.75-64 0.614 0.373 0.334 0.538
model-1-11-256-0.0-0.001-1.0-64 0.625 0.379 0.305 0.538
model-1-13-256-0.001-0.0001-0.75-64 0.601 0.367 0.368 0.538
model-1-13-64-0.001-0.001-0.5-32 0.608 0.37 0.347 0.538
model-1-7-256-0.001-0.001-0.5-32 0.604 0.364 0.363 0.538
model-1-13-256-0.001-0.001-1.0-32 0.628 0.384 0.299 0.539
model-1-7-256-0.001-0.0001-0.5-64 0.601 0.364 0.376 0.539
model-1-9-256-0.001-0.001-1.0-64 0.616 0.373 0.332 0.539
model-1-9-256-0.0-0.0001-1.0-32 0.607 0.369 0.36 0.54
model-1-9-256-0.001-0.0001-1.0-32 0.62 0.376 0.326 0.54
model-1-9-256-0.0-0.001-0.5-32 0.621 0.38 0.332 0.542
model-1-13-256-0.001-0.001-0.75-64 0.618 0.38 0.34 0.543
model-1-13-256-0.001-0.001-1.0-64 0.634 0.393 0.298 0.543
model-1-13-64-0.001-0.001-0.5-64 0.609 0.376 0.363 0.543
model-1-11-256-0.0001-0.001-1.0-64 0.627 0.387 0.321 0.544
model-1-13-256-0.001-0.0001-1.0-64 0.628 0.389 0.318 0.544
model-1-11-64-0.001-0.001-0.75-64 0.634 0.395 0.307 0.546
model-1-9-64-0.0001-0.001-0.5-64 0.604 0.374 0.394 0.547
