model-1-7-64-0.0001-0.001-0.5-32 0.655 0.358 0.133 0.512
model-1-7-64-0.0001-0.001-0.5-64 0.668 0.318 0.058 0.501
model-1-7-64-0.0001-0.001-0.75-32 0.648 0.34 0.136 0.508
model-1-7-64-0.0001-0.001-0.75-64 0.629 0.354 0.23 0.52
model-1-7-64-0.0001-0.001-1.0-32 0.616 0.359 0.295 0.528
model-1-7-64-0.0001-0.001-1.0-64 0.633 0.37 0.252 0.529
model-1-7-64-0.0001-0.0001-0.5-32 0.641 0.329 0.146 0.506
model-1-7-64-0.0001-0.0001-0.5-64 0.582 0.349 0.391 0.53
model-1-7-64-0.0001-0.0001-0.75-32 0.611 0.341 0.268 0.517
model-1-7-64-0.0001-0.0001-0.75-64 0.591 0.339 0.327 0.519
model-1-7-64-0.0001-0.0001-1.0-32 0.589 0.318 0.276 0.504
model-1-7-64-0.0001-0.0001-1.0-64 0.594 0.348 0.348 0.526
model-1-7-64-0.001-0.001-0.5-32 0.657 0.375 0.149 0.518
model-1-7-64-0.001-0.001-0.5-64 0.644 0.37 0.202 0.523
model-1-7-64-0.001-0.001-0.75-32 0.656 0.372 0.149 0.517
model-1-7-64-0.001-0.001-0.75-64 0.64 0.343 0.168 0.511
model-1-7-64-0.001-0.001-1.0-32 0.619 0.362 0.294 0.53
model-1-7-64-0.001-0.001-1.0-64 0.638 0.371 0.229 0.526
model-1-7-64-0.001-0.0001-0.5-32 0.63 0.313 0.155 0.5
model-1-7-64-0.001-0.0001-0.5-64 0.554 0.334 0.433 0.521
model-1-7-64-0.001-0.0001-0.75-32 0.592 0.308 0.249 0.498
model-1-7-64-0.001-0.0001-0.75-64 0.588 0.344 0.355 0.524
model-1-7-64-0.001-0.0001-1.0-32 0.616 0.342 0.25 0.516
model-1-7-64-0.001-0.0001-1.0-64 0.599 0.356 0.353 0.532
model-1-7-64-0.0-0.001-0.5-32 0.648 0.381 0.208 0.527
model-1-7-64-0.0-0.001-0.5-64 0.645 0.354 0.168 0.515
model-1-7-64-0.0-0.001-0.75-32 0.655 0.362 0.14 0.514
model-1-7-64-0.0-0.001-0.75-64 0.656 0.339 0.109 0.506
model-1-7-64-0.0-0.001-1.0-32 0.618 0.356 0.276 0.525
model-1-7-64-0.0-0.001-1.0-64 0.637 0.378 0.252 0.532
model-1-7-64-0.0-0.0001-0.5-32 0.574 0.327 0.345 0.512
model-1-7-64-0.0-0.0001-0.5-64 0.602 0.355 0.338 0.53
model-1-7-64-0.0-0.0001-0.75-32 0.62 0.318 0.191 0.503
model-1-7-64-0.0-0.0001-0.75-64 0.615 0.34 0.25 0.515
model-1-7-64-0.0-0.0001-1.0-32 0.624 0.335 0.21 0.51
model-1-7-64-0.0-0.0001-1.0-64 0.621 0.328 0.206 0.507
model-1-7-100-0.0001-0.001-0.5-32 0.688 0.562 0.004 0.501
model-1-7-100-0.0001-0.001-0.5-64 0.688 0.0 0.0 0.5
model-1-7-100-0.0001-0.001-0.75-32 0.688 0.0 0.0 0.5
model-1-7-100-0.0001-0.001-0.75-64 0.688 0.0 0.0 0.5
model-1-7-100-0.0001-0.001-1.0-32 0.689 0.636 0.004 0.502
model-1-7-100-0.0001-0.001-1.0-64 0.688 0.0 0.0 0.5
model-1-7-100-0.0001-0.0001-0.5-32 0.688 0.455 0.001 0.5
model-1-7-100-0.0001-0.0001-0.5-64 0.688 0.0 0.0 0.5
model-1-7-100-0.0001-0.0001-0.75-32 0.688 0.545 0.001 0.5
model-1-7-100-0.0001-0.0001-0.75-64 0.688 0.571 0.001 0.5
model-1-7-100-0.0001-0.0001-1.0-32 0.688 0.0 0.0 0.5
model-1-7-100-0.0001-0.0001-1.0-64 0.688 0.0 0.0 0.5
model-1-7-100-0.001-0.001-0.5-32 0.688 0.0 0.0 0.5
model-1-7-100-0.001-0.001-0.5-64 0.688 0.0 0.0 0.5
model-1-7-100-0.001-0.001-0.75-32 0.688 0.0 0.0 0.5
model-1-7-100-0.001-0.001-0.75-64 0.688 0.0 0.0 0.5
model-1-7-100-0.001-0.001-1.0-32 0.688 0.0 0.0 0.5
model-1-7-100-0.001-0.001-1.0-64 0.688 0.0 0.0 0.5
model-1-7-100-0.001-0.0001-0.5-32 0.688 0.0 0.0 0.5
model-1-7-100-0.001-0.0001-0.5-64 0.68 0.317 0.022 0.5
model-1-7-100-0.001-0.0001-0.75-32 0.688 0.0 0.0 0.5
model-1-7-100-0.001-0.0001-0.75-64 0.688 1.0 0.0 0.5
model-1-7-100-0.001-0.0001-1.0-32 0.689 0.528 0.009 0.503
model-1-7-100-0.001-0.0001-1.0-64 0.688 0.0 0.0 0.5
model-1-7-100-0.0-0.001-0.5-32 0.688 0.75 0.001 0.5
model-1-7-100-0.0-0.001-0.5-64 0.688 0.0 0.0 0.5
model-1-7-100-0.0-0.001-0.75-32 0.688 0.522 0.005 0.501
model-1-7-100-0.0-0.001-0.75-64 0.688 0.0 0.0 0.5
model-1-7-100-0.0-0.001-1.0-32 0.688 0.5 0.0 0.5
model-1-7-100-0.0-0.001-1.0-64 0.688 0.545 0.001 0.5
model-1-7-100-0.0-0.0001-0.5-32 0.688 0.667 0.002 0.501
model-1-7-100-0.0-0.0001-0.5-64 0.683 0.346 0.018 0.501
model-1-7-100-0.0-0.0001-0.75-32 0.688 0.0 0.0 0.5
model-1-7-100-0.0-0.0001-0.75-64 0.688 0.0 0.0 0.5
model-1-7-100-0.0-0.0001-1.0-32 0.688 0.625 0.002 0.501
model-1-7-100-0.0-0.0001-1.0-64 0.688 0.0 0.0 0.5
model-1-7-256-0.0001-0.001-0.5-32 0.639 0.351 0.184 0.515
model-1-7-256-0.0001-0.001-0.5-64 0.661 0.349 0.103 0.508
model-1-7-256-0.0001-0.001-0.75-32 0.652 0.373 0.17 0.52
model-1-7-256-0.0001-0.001-0.75-64 0.646 0.384 0.224 0.531
model-1-7-256-0.0001-0.001-1.0-32 0.621 0.366 0.295 0.532
model-1-7-256-0.0001-0.001-1.0-64 0.641 0.381 0.244 0.532
model-1-7-256-0.0001-0.0001-0.5-32 0.598 0.34 0.308 0.519
model-1-7-256-0.0001-0.0001-0.5-64 0.636 0.334 0.169 0.508
model-1-7-256-0.0001-0.0001-0.75-32 0.628 0.363 0.256 0.526
model-1-7-256-0.0001-0.0001-0.75-64 0.574 0.351 0.432 0.535
model-1-7-256-0.0001-0.0001-1.0-32 0.617 0.353 0.273 0.523
model-1-7-256-0.0001-0.0001-1.0-64 0.609 0.365 0.342 0.536
model-1-7-256-0.001-0.001-0.5-32 0.604 0.364 0.363 0.538
model-1-7-256-0.001-0.001-0.5-64 0.622 0.351 0.252 0.52
model-1-7-256-0.001-0.001-0.75-32 0.625 0.353 0.245 0.521
model-1-7-256-0.001-0.001-0.75-64 0.636 0.382 0.272 0.536
model-1-7-256-0.001-0.001-1.0-32 0.626 0.37 0.284 0.533
model-1-7-256-0.001-0.001-1.0-64 0.643 0.389 0.255 0.537
model-1-7-256-0.001-0.0001-0.5-32 0.54 0.329 0.455 0.517
model-1-7-256-0.001-0.0001-0.5-64 0.601 0.364 0.376 0.539
model-1-7-256-0.001-0.0001-0.75-32 0.614 0.33 0.232 0.509
model-1-7-256-0.001-0.0001-0.75-64 0.574 0.357 0.46 0.543
model-1-7-256-0.001-0.0001-1.0-32 0.61 0.358 0.313 0.529
model-1-7-256-0.001-0.0001-1.0-64 0.602 0.348 0.317 0.524
model-1-7-256-0.0-0.001-0.5-32 0.653 0.374 0.168 0.52
model-1-7-256-0.0-0.001-0.5-64 0.607 0.341 0.279 0.517
model-1-7-256-0.0-0.001-0.75-32 0.629 0.363 0.25 0.526
model-1-7-256-0.0-0.001-0.75-64 0.626 0.369 0.284 0.532
model-1-7-256-0.0-0.001-1.0-32 0.609 0.353 0.306 0.526
model-1-7-256-0.0-0.001-1.0-64 0.637 0.342 0.18 0.512
model-1-7-256-0.0-0.0001-0.5-32 0.584 0.33 0.322 0.513
model-1-7-256-0.0-0.0001-0.5-64 0.56 0.359 0.523 0.55
model-1-7-256-0.0-0.0001-0.75-32 0.596 0.343 0.325 0.522
model-1-7-256-0.0-0.0001-0.75-64 0.61 0.337 0.26 0.514
model-1-7-256-0.0-0.0001-1.0-32 0.611 0.348 0.285 0.522
model-1-7-256-0.0-0.0001-1.0-64 0.627 0.362 0.259 0.526
model-1-9-64-0.0001-0.001-0.5-32 0.589 0.353 0.373 0.53
model-1-9-64-0.0001-0.001-0.5-64 0.604 0.374 0.394 0.547
model-1-9-64-0.0001-0.001-0.75-32 0.642 0.336 0.145 0.507
model-1-9-64-0.0001-0.001-0.75-64 0.614 0.362 0.304 0.53
model-1-9-64-0.0001-0.001-1.0-32 0.643 0.356 0.173 0.515
model-1-9-64-0.0001-0.001-1.0-64 0.632 0.368 0.244 0.527
model-1-9-64-0.0001-0.0001-0.5-32 0.623 0.356 0.251 0.522
model-1-9-64-0.0001-0.0001-0.5-64 0.663 0.349 0.089 0.507
model-1-9-64-0.0001-0.0001-0.75-32 0.579 0.335 0.349 0.517
model-1-9-64-0.0001-0.0001-0.75-64 0.59 0.352 0.367 0.529
model-1-9-64-0.0001-0.0001-1.0-32 0.63 0.359 0.233 0.522
model-1-9-64-0.0001-0.0001-1.0-64 0.611 0.344 0.266 0.517
model-1-9-64-0.001-0.001-0.5-32 0.604 0.362 0.346 0.534
model-1-9-64-0.001-0.001-0.5-64 0.617 0.372 0.323 0.537
model-1-9-64-0.001-0.001-0.75-32 0.657 0.328 0.091 0.503
model-1-9-64-0.001-0.001-0.75-64 0.614 0.365 0.315 0.533
model-1-9-64-0.001-0.001-1.0-32 0.633 0.314 0.147 0.5
model-1-9-64-0.001-0.001-1.0-64 0.62 0.369 0.3 0.533
model-1-9-64-0.001-0.0001-0.5-32 0.625 0.335 0.201 0.51
model-1-9-64-0.001-0.0001-0.5-64 0.597 0.34 0.305 0.517
model-1-9-64-0.001-0.0001-0.75-32 0.586 0.357 0.398 0.535
model-1-9-64-0.001-0.0001-0.75-64 0.621 0.357 0.263 0.523
model-1-9-64-0.001-0.0001-1.0-32 0.622 0.35 0.242 0.519
model-1-9-64-0.001-0.0001-1.0-64 0.613 0.357 0.295 0.526
model-1-9-64-0.0-0.001-0.5-32 0.646 0.32 0.115 0.502
model-1-9-64-0.0-0.001-0.5-64 0.59 0.35 0.363 0.528
model-1-9-64-0.0-0.001-0.75-32 0.661 0.347 0.093 0.507
model-1-9-64-0.0-0.001-0.75-64 0.61 0.367 0.341 0.537
model-1-9-64-0.0-0.001-1.0-32 0.662 0.385 0.135 0.518
model-1-9-64-0.0-0.001-1.0-64 0.631 0.375 0.268 0.532
model-1-9-64-0.0-0.0001-0.5-32 0.608 0.324 0.231 0.506
model-1-9-64-0.0-0.0001-0.5-64 0.581 0.34 0.356 0.52
model-1-9-64-0.0-0.0001-0.75-32 0.617 0.337 0.23 0.512
model-1-9-64-0.0-0.0001-0.75-64 0.602 0.358 0.339 0.531
model-1-9-64-0.0-0.0001-1.0-32 0.611 0.359 0.307 0.528
model-1-9-64-0.0-0.0001-1.0-64 0.603 0.356 0.329 0.529
model-1-9-100-0.0001-0.001-0.5-32 0.687 1.0 0.0 0.5
model-1-9-100-0.0001-0.001-0.5-64 0.63 0.376 0.276 0.533
model-1-9-100-0.0001-0.001-0.75-32 0.687 0.0 0.0 0.5
model-1-9-100-0.0001-0.001-0.75-64 0.67 0.395 0.104 0.516
model-1-9-100-0.0001-0.001-1.0-32 0.687 0.0 0.0 0.5
model-1-9-100-0.0001-0.001-1.0-64 0.679 0.402 0.051 0.508
model-1-9-100-0.0001-0.0001-0.5-32 0.687 0.0 0.0 0.5
model-1-9-100-0.0001-0.0001-0.5-64 0.684 0.404 0.019 0.503
model-1-9-100-0.0001-0.0001-0.75-32 0.687 0.364 0.001 0.5
model-1-9-100-0.0001-0.0001-0.75-64 0.685 0.442 0.025 0.505
model-1-9-100-0.0001-0.0001-1.0-32 0.685 0.312 0.004 0.5
model-1-9-100-0.0001-0.0001-1.0-64 0.687 0.5 0.004 0.501
model-1-9-100-0.001-0.001-0.5-32 0.687 1.0 0.0 0.5
model-1-9-100-0.001-0.001-0.5-64 0.687 0.0 0.0 0.5
model-1-9-100-0.001-0.001-0.75-32 0.687 0.0 0.0 0.5
model-1-9-100-0.001-0.001-0.75-64 0.687 0.0 0.0 0.5
model-1-9-100-0.001-0.001-1.0-32 0.687 0.0 0.0 0.5
model-1-9-100-0.001-0.001-1.0-64 0.642 0.378 0.221 0.528
model-1-9-100-0.001-0.0001-0.5-32 0.686 0.35 0.001 0.5
model-1-9-100-0.001-0.0001-0.5-64 0.686 0.45 0.012 0.503
model-1-9-100-0.001-0.0001-0.75-32 0.686 0.372 0.003 0.5
model-1-9-100-0.001-0.0001-0.75-64 0.685 0.416 0.011 0.502
model-1-9-100-0.001-0.0001-1.0-32 0.684 0.376 0.014 0.502
model-1-9-100-0.001-0.0001-1.0-64 0.687 1.0 0.0 0.5
model-1-9-100-0.0-0.001-0.5-32 0.687 0.0 0.0 0.5
model-1-9-100-0.0-0.001-0.5-64 0.681 0.421 0.049 0.509
model-1-9-100-0.0-0.001-0.75-32 0.687 0.0 0.0 0.5
model-1-9-100-0.0-0.001-0.75-64 0.687 0.0 0.0 0.5
model-1-9-100-0.0-0.001-1.0-32 0.687 0.0 0.0 0.5
model-1-9-100-0.0-0.001-1.0-64 0.683 0.391 0.021 0.503
model-1-9-100-0.0-0.0001-0.5-32 0.687 0.333 0.001 0.5
model-1-9-100-0.0-0.0001-0.5-64 0.686 0.41 0.003 0.501
model-1-9-100-0.0-0.0001-0.75-32 0.687 0.625 0.002 0.501
model-1-9-100-0.0-0.0001-0.75-64 0.679 0.354 0.029 0.502
model-1-9-100-0.0-0.0001-1.0-32 0.687 0.0 0.0 0.5
model-1-9-100-0.0-0.0001-1.0-64 0.687 0.496 0.011 0.503
model-1-9-256-0.0001-0.001-0.5-32 0.622 0.373 0.304 0.535
model-1-9-256-0.0001-0.001-0.5-64 0.623 0.369 0.287 0.532
model-1-9-256-0.0001-0.001-0.75-32 0.63 0.353 0.217 0.518
model-1-9-256-0.0001-0.001-0.75-64 0.613 0.365 0.317 0.533
model-1-9-256-0.0001-0.001-1.0-32 0.63 0.347 0.204 0.514
model-1-9-256-0.0001-0.001-1.0-64 0.639 0.382 0.245 0.532
model-1-9-256-0.0001-0.0001-0.5-32 0.619 0.356 0.267 0.523
model-1-9-256-0.0001-0.0001-0.5-64 0.613 0.351 0.279 0.522
model-1-9-256-0.0001-0.0001-0.75-32 0.59 0.357 0.388 0.535
model-1-9-256-0.0001-0.0001-0.75-64 0.613 0.37 0.334 0.537
model-1-9-256-0.0001-0.0001-1.0-32 0.599 0.36 0.358 0.534
model-1-9-256-0.0001-0.0001-1.0-64 0.604 0.359 0.335 0.531
model-1-9-256-0.001-0.001-0.5-32 0.634 0.378 0.26 0.533
model-1-9-256-0.001-0.001-0.5-64 0.661 0.388 0.143 0.52
model-1-9-256-0.001-0.001-0.75-32 0.624 0.344 0.222 0.514
model-1-9-256-0.001-0.001-0.75-64 0.624 0.372 0.293 0.534
model-1-9-256-0.001-0.001-1.0-32 0.65 0.328 0.113 0.504
model-1-9-256-0.001-0.001-1.0-64 0.616 0.373 0.332 0.539
model-1-9-256-0.001-0.0001-0.5-32 0.56 0.312 0.336 0.499
model-1-9-256-0.001-0.0001-0.5-64 0.58 0.352 0.408 0.533
model-1-9-256-0.001-0.0001-0.75-32 0.606 0.357 0.323 0.529
model-1-9-256-0.001-0.0001-0.75-64 0.582 0.358 0.423 0.539
model-1-9-256-0.001-0.0001-1.0-32 0.62 0.376 0.326 0.54
model-1-9-256-0.001-0.0001-1.0-64 0.62 0.369 0.301 0.533
model-1-9-256-0.0-0.001-0.5-32 0.621 0.38 0.332 0.542
model-1-9-256-0.0-0.001-0.5-64 0.665 0.315 0.06 0.5
model-1-9-256-0.0-0.001-0.75-32 0.634 0.323 0.154 0.503
model-1-9-256-0.0-0.001-0.75-64 0.619 0.373 0.316 0.537
model-1-9-256-0.0-0.001-1.0-32 0.658 0.331 0.09 0.504
model-1-9-256-0.0-0.001-1.0-64 0.617 0.366 0.307 0.533
model-1-9-256-0.0-0.0001-0.5-32 0.583 0.324 0.307 0.508
model-1-9-256-0.0-0.0001-0.5-64 0.575 0.35 0.418 0.532
model-1-9-256-0.0-0.0001-0.75-32 0.607 0.353 0.306 0.525
model-1-9-256-0.0-0.0001-0.75-64 0.608 0.36 0.325 0.531
model-1-9-256-0.0-0.0001-1.0-32 0.607 0.369 0.36 0.54
model-1-9-256-0.0-0.0001-1.0-64 0.611 0.35 0.284 0.522
model-1-11-64-0.0001-0.001-0.5-32 0.641 0.353 0.172 0.514
model-1-11-64-0.0001-0.001-0.5-64 0.63 0.36 0.229 0.522
model-1-11-64-0.0001-0.001-0.75-32 0.639 0.371 0.215 0.524
model-1-11-64-0.0001-0.001-0.75-64 0.622 0.365 0.276 0.528
model-1-11-64-0.0001-0.001-1.0-32 0.65 0.35 0.135 0.51
model-1-11-64-0.0001-0.001-1.0-64 0.613 0.368 0.326 0.535
model-1-11-64-0.0001-0.0001-0.5-32 0.533 0.313 0.408 0.499
model-1-11-64-0.0001-0.0001-0.5-64 0.541 0.328 0.439 0.513
model-1-11-64-0.0001-0.0001-0.75-32 0.546 0.335 0.451 0.52
model-1-11-64-0.0001-0.0001-0.75-64 0.595 0.346 0.326 0.522
model-1-11-64-0.0001-0.0001-1.0-32 0.618 0.36 0.275 0.525
model-1-11-64-0.0001-0.0001-1.0-64 0.634 0.367 0.226 0.524
model-1-11-64-0.001-0.001-0.5-32 0.579 0.343 0.372 0.523
model-1-11-64-0.001-0.001-0.5-64 0.656 0.376 0.147 0.518
model-1-11-64-0.001-0.001-0.75-32 0.633 0.361 0.219 0.521
model-1-11-64-0.001-0.001-0.75-64 0.634 0.395 0.307 0.546
model-1-11-64-0.001-0.001-1.0-32 0.646 0.348 0.145 0.51
model-1-11-64-0.001-0.001-1.0-64 0.646 0.389 0.224 0.531
model-1-11-64-0.001-0.0001-0.5-32 0.611 0.319 0.211 0.502
model-1-11-64-0.001-0.0001-0.5-64 0.619 0.343 0.231 0.514
model-1-11-64-0.001-0.0001-0.75-32 0.579 0.34 0.361 0.52
model-1-11-64-0.001-0.0001-0.75-64 0.553 0.335 0.428 0.519
model-1-11-64-0.001-0.0001-1.0-32 0.581 0.34 0.353 0.519
model-1-11-64-0.001-0.0001-1.0-64 0.622 0.365 0.277 0.528
model-1-11-64-0.0-0.001-0.5-32 0.574 0.347 0.401 0.527
model-1-11-64-0.0-0.001-0.5-64 0.633 0.376 0.257 0.531
model-1-11-64-0.0-0.001-0.75-32 0.634 0.358 0.208 0.519
model-1-11-64-0.0-0.001-0.75-64 0.628 0.38 0.291 0.537
model-1-11-64-0.0-0.001-1.0-32 0.631 0.365 0.239 0.524
model-1-11-64-0.0-0.001-1.0-64 0.631 0.381 0.279 0.536
model-1-11-64-0.0-0.0001-0.5-32 0.61 0.313 0.202 0.5
model-1-11-64-0.0-0.0001-0.5-64 0.539 0.314 0.397 0.5
model-1-11-64-0.0-0.0001-0.75-32 0.632 0.367 0.236 0.525
model-1-11-64-0.0-0.0001-0.75-64 0.536 0.336 0.49 0.523
model-1-11-64-0.0-0.0001-1.0-32 0.626 0.365 0.258 0.526
model-1-11-64-0.0-0.0001-1.0-64 0.626 0.356 0.238 0.521
model-1-11-100-0.0001-0.001-0.5-32 0.686 0.0 0.0 0.5
model-1-11-100-0.0001-0.001-0.5-64 0.686 0.0 0.0 0.5
model-1-11-100-0.0001-0.001-0.75-32 0.686 0.571 0.006 0.502
model-1-11-100-0.0001-0.001-0.75-64 0.687 0.549 0.013 0.504
model-1-11-100-0.0001-0.001-1.0-32 0.686 0.0 0.0 0.5
model-1-11-100-0.0001-0.001-1.0-64 0.686 0.611 0.004 0.502
model-1-11-100-0.0001-0.0001-0.5-32 0.686 0.0 0.0 0.5
model-1-11-100-0.0001-0.0001-0.5-64 0.685 0.445 0.012 0.503
model-1-11-100-0.0001-0.0001-0.75-32 0.679 0.345 0.025 0.502
model-1-11-100-0.0001-0.0001-0.75-64 0.686 0.5 0.001 0.5
model-1-11-100-0.0001-0.0001-1.0-32 0.68 0.322 0.016 0.5
model-1-11-100-0.0001-0.0001-1.0-64 0.686 0.429 0.002 0.5
model-1-11-100-0.001-0.001-0.5-32 0.686 0.0 0.0 0.5
model-1-11-100-0.001-0.001-0.5-64 0.686 0.0 0.0 0.5
model-1-11-100-0.001-0.001-0.75-32 0.686 0.51 0.025 0.507
model-1-11-100-0.001-0.001-0.75-64 0.686 0.0 0.0 0.5
model-1-11-100-0.001-0.001-1.0-32 0.686 0.0 0.0 0.5
model-1-11-100-0.001-0.001-1.0-64 0.686 0.0 0.0 0.5
model-1-11-100-0.001-0.0001-0.5-32 0.686 0.0 0.0 0.5
model-1-11-100-0.001-0.0001-0.5-64 0.686 0.5 0.002 0.5
model-1-11-100-0.001-0.0001-0.75-32 0.686 0.0 0.0 0.5
model-1-11-100-0.001-0.0001-0.75-64 0.684 0.421 0.014 0.503
model-1-11-100-0.001-0.0001-1.0-32 0.685 0.382 0.003 0.5
model-1-11-100-0.001-0.0001-1.0-64 0.686 1.0 0.0 0.5
model-1-11-100-0.0-0.001-0.5-32 0.686 0.0 0.0 0.5
model-1-11-100-0.0-0.001-0.5-64 0.686 0.534 0.01 0.503
model-1-11-100-0.0-0.001-0.75-32 0.686 0.0 0.0 0.5
model-1-11-100-0.0-0.001-0.75-64 0.685 0.42 0.006 0.501
model-1-11-100-0.0-0.001-1.0-32 0.686 0.576 0.004 0.501
model-1-11-100-0.0-0.001-1.0-64 0.687 0.526 0.025 0.507
model-1-11-100-0.0-0.0001-0.5-32 0.686 0.391 0.002 0.5
model-1-11-100-0.0-0.0001-0.5-64 0.686 0.473 0.009 0.502
model-1-11-100-0.0-0.0001-0.75-32 0.685 0.286 0.002 0.5
model-1-11-100-0.0-0.0001-0.75-64 0.683 0.422 0.022 0.504
model-1-11-100-0.0-0.0001-1.0-32 0.685 0.379 0.004 0.501
model-1-11-100-0.0-0.0001-1.0-64 0.67 0.343 0.054 0.503
model-1-11-256-0.0001-0.001-0.5-32 0.629 0.376 0.275 0.533
model-1-11-256-0.0001-0.001-0.5-64 0.63 0.377 0.273 0.533
model-1-11-256-0.0001-0.001-0.75-32 0.63 0.329 0.172 0.506
model-1-11-256-0.0001-0.001-0.75-64 0.61 0.322 0.218 0.504
model-1-11-256-0.0001-0.001-1.0-32 0.627 0.363 0.252 0.525
model-1-11-256-0.0001-0.001-1.0-64 0.627 0.387 0.321 0.544
model-1-11-256-0.0001-0.0001-0.5-32 0.629 0.376 0.273 0.533
model-1-11-256-0.0001-0.0001-0.5-64 0.547 0.353 0.533 0.543
model-1-11-256-0.0001-0.0001-0.75-32 0.591 0.36 0.389 0.536
model-1-11-256-0.0001-0.0001-0.75-64 0.572 0.352 0.432 0.534
model-1-11-256-0.0001-0.0001-1.0-32 0.587 0.35 0.367 0.527
model-1-11-256-0.0001-0.0001-1.0-64 0.628 0.376 0.279 0.534
model-1-11-256-0.001-0.001-0.5-32 0.614 0.355 0.282 0.524
model-1-11-256-0.001-0.001-0.5-64 0.631 0.359 0.222 0.52
model-1-11-256-0.001-0.001-0.75-32 0.638 0.36 0.196 0.518
model-1-11-256-0.001-0.001-0.75-64 0.596 0.356 0.354 0.531
model-1-11-256-0.001-0.001-1.0-32 0.636 0.319 0.139 0.502
model-1-11-256-0.001-0.001-1.0-64 0.624 0.376 0.299 0.536
model-1-11-256-0.001-0.0001-0.5-32 0.604 0.362 0.345 0.533
model-1-11-256-0.001-0.0001-0.5-64 0.585 0.357 0.401 0.535
model-1-11-256-0.001-0.0001-0.75-32 0.564 0.348 0.445 0.532
model-1-11-256-0.001-0.0001-0.75-64 0.566 0.355 0.467 0.539
model-1-11-256-0.001-0.0001-1.0-32 0.614 0.357 0.288 0.525
model-1-11-256-0.001-0.0001-1.0-64 0.628 0.372 0.268 0.531
model-1-11-256-0.0-0.001-0.5-32 0.631 0.367 0.24 0.525
model-1-11-256-0.0-0.001-0.5-64 0.629 0.377 0.276 0.534
model-1-11-256-0.0-0.001-0.75-32 0.634 0.373 0.243 0.528
model-1-11-256-0.0-0.001-0.75-64 0.614 0.373 0.334 0.538
model-1-11-256-0.0-0.001-1.0-32 0.632 0.369 0.242 0.526
model-1-11-256-0.0-0.001-1.0-64 0.625 0.379 0.305 0.538
model-1-11-256-0.0-0.0001-0.5-32 0.537 0.32 0.421 0.506
model-1-11-256-0.0-0.0001-0.5-64 0.639 0.363 0.198 0.519
model-1-11-256-0.0-0.0001-0.75-32 0.584 0.343 0.354 0.521
model-1-11-256-0.0-0.0001-0.75-64 0.588 0.361 0.405 0.539
model-1-11-256-0.0-0.0001-1.0-32 0.617 0.374 0.326 0.538
model-1-11-256-0.0-0.0001-1.0-64 0.635 0.379 0.252 0.531
model-1-13-64-0.0001-0.001-0.5-32 0.585 0.364 0.423 0.542
model-1-13-64-0.0001-0.001-0.5-64 0.592 0.35 0.347 0.526
model-1-13-64-0.0001-0.001-0.75-32 0.649 0.319 0.101 0.501
model-1-13-64-0.0001-0.001-0.75-64 0.627 0.372 0.267 0.53
model-1-13-64-0.0001-0.001-1.0-32 0.628 0.382 0.29 0.537
model-1-13-64-0.0001-0.001-1.0-64 0.648 0.377 0.181 0.522
model-1-13-64-0.0001-0.0001-0.5-32 0.519 0.324 0.485 0.51
model-1-13-64-0.0001-0.0001-0.5-64 0.513 0.308 0.438 0.493
model-1-13-64-0.0001-0.0001-0.75-32 0.621 0.36 0.261 0.524
model-1-13-64-0.0001-0.0001-0.75-64 0.578 0.338 0.352 0.517
model-1-13-64-0.0001-0.0001-1.0-32 0.623 0.369 0.28 0.53
model-1-13-64-0.0001-0.0001-1.0-64 0.593 0.352 0.347 0.527
model-1-13-64-0.001-0.001-0.5-32 0.608 0.37 0.347 0.538
model-1-13-64-0.001-0.001-0.5-64 0.609 0.376 0.363 0.543
model-1-13-64-0.001-0.001-0.75-32 0.631 0.374 0.252 0.529
model-1-13-64-0.001-0.001-0.75-64 0.606 0.354 0.304 0.524
model-1-13-64-0.001-0.001-1.0-32 0.656 0.32 0.082 0.501
model-1-13-64-0.001-0.001-1.0-64 0.629 0.372 0.259 0.529
model-1-13-64-0.001-0.0001-0.5-32 0.61 0.317 0.207 0.501
model-1-13-64-0.001-0.0001-0.5-64 0.585 0.344 0.351 0.522
model-1-13-64-0.001-0.0001-0.75-32 0.573 0.351 0.419 0.531
model-1-13-64-0.001-0.0001-0.75-64 0.599 0.357 0.34 0.529
model-1-13-64-0.001-0.0001-1.0-32 0.604 0.362 0.335 0.532
model-1-13-64-0.001-0.0001-1.0-64 0.613 0.367 0.314 0.532
model-1-13-64-0.0-0.001-0.5-32 0.609 0.364 0.323 0.532
model-1-13-64-0.0-0.001-0.5-64 0.57 0.35 0.425 0.531
model-1-13-64-0.0-0.001-0.75-32 0.614 0.371 0.324 0.536
model-1-13-64-0.0-0.001-0.75-64 0.613 0.367 0.315 0.533
model-1-13-64-0.0-0.001-1.0-32 0.641 0.392 0.255 0.537
model-1-13-64-0.0-0.001-1.0-64 0.633 0.376 0.252 0.53
model-1-13-64-0.0-0.0001-0.5-32 0.591 0.334 0.3 0.513
model-1-13-64-0.0-0.0001-0.5-64 0.551 0.322 0.386 0.506
model-1-13-64-0.0-0.0001-0.75-32 0.566 0.354 0.46 0.537
model-1-13-64-0.0-0.0001-0.75-64 0.632 0.363 0.222 0.521
model-1-13-64-0.0-0.0001-1.0-32 0.604 0.349 0.295 0.521
model-1-13-64-0.0-0.0001-1.0-64 0.593 0.341 0.311 0.517
model-1-13-100-0.0001-0.001-0.5-32 0.685 0.8 0.001 0.5
model-1-13-100-0.0001-0.001-0.5-64 0.685 0.0 0.0 0.5
model-1-13-100-0.0001-0.001-0.75-32 0.685 0.0 0.0 0.5
model-1-13-100-0.0001-0.001-0.75-64 0.685 0.538 0.001 0.5
model-1-13-100-0.0001-0.001-1.0-32 0.685 0.0 0.0 0.5
model-1-13-100-0.0001-0.001-1.0-64 0.681 0.385 0.023 0.503
model-1-13-100-0.0001-0.0001-0.5-32 0.684 0.244 0.002 0.5
model-1-13-100-0.0001-0.0001-0.5-64 0.685 0.433 0.003 0.501
model-1-13-100-0.0001-0.0001-0.75-32 0.684 0.286 0.002 0.5
model-1-13-100-0.0001-0.0001-0.75-64 0.683 0.307 0.006 0.5
model-1-13-100-0.0001-0.0001-1.0-32 0.684 0.416 0.007 0.501
model-1-13-100-0.0001-0.0001-1.0-64 0.681 0.388 0.022 0.503
model-1-13-100-0.001-0.001-0.5-32 0.685 0.522 0.002 0.501
model-1-13-100-0.001-0.001-0.5-64 0.685 0.0 0.0 0.5
model-1-13-100-0.001-0.001-0.75-32 0.685 0.0 0.0 0.5
model-1-13-100-0.001-0.001-0.75-64 0.685 0.0 0.0 0.5
model-1-13-100-0.001-0.001-1.0-32 0.685 0.0 0.0 0.5
model-1-13-100-0.001-0.001-1.0-64 0.685 0.562 0.002 0.501
model-1-13-100-0.001-0.0001-0.5-32 0.685 0.5 0.001 0.5
model-1-13-100-0.001-0.0001-0.5-64 0.681 0.373 0.017 0.502
model-1-13-100-0.001-0.0001-0.75-32 0.686 0.652 0.003 0.501
model-1-13-100-0.001-0.0001-0.75-64 0.682 0.427 0.027 0.505
model-1-13-100-0.001-0.0001-1.0-32 0.685 0.583 0.001 0.5
model-1-13-100-0.001-0.0001-1.0-64 0.685 1.0 0.0 0.5
model-1-13-100-0.0-0.001-0.5-32 0.685 0.0 0.0 0.5
model-1-13-100-0.0-0.001-0.5-64 0.685 0.571 0.001 0.5
model-1-13-100-0.0-0.001-0.75-32 0.685 1.0 0.0 0.5
model-1-13-100-0.0-0.001-0.75-64 0.684 0.4 0.007 0.501
model-1-13-100-0.0-0.001-1.0-32 0.685 0.0 0.0 0.5
model-1-13-100-0.0-0.001-1.0-64 0.685 0.526 0.002 0.501
model-1-13-100-0.0-0.0001-0.5-32 0.685 0.273 0.001 0.5
model-1-13-100-0.0-0.0001-0.5-64 0.686 0.593 0.007 0.502
model-1-13-100-0.0-0.0001-0.75-32 0.685 0.333 0.001 0.5
model-1-13-100-0.0-0.0001-0.75-64 0.68 0.427 0.047 0.509
model-1-13-100-0.0-0.0001-1.0-32 0.682 0.408 0.024 0.504
model-1-13-100-0.0-0.0001-1.0-64 0.685 0.41 0.003 0.501
model-1-13-256-0.0001-0.001-0.5-32 0.62 0.365 0.281 0.528
model-1-13-256-0.0001-0.001-0.5-64 0.638 0.388 0.258 0.535
model-1-13-256-0.0001-0.001-0.75-32 0.621 0.364 0.273 0.527
model-1-13-256-0.0001-0.001-0.75-64 0.637 0.37 0.219 0.524
model-1-13-256-0.0001-0.001-1.0-32 0.628 0.324 0.167 0.504
model-1-13-256-0.0001-0.001-1.0-64 0.63 0.366 0.238 0.524
model-1-13-256-0.0001-0.0001-0.5-32 0.617 0.367 0.295 0.53
model-1-13-256-0.0001-0.0001-0.5-64 0.546 0.341 0.472 0.526
model-1-13-256-0.0001-0.0001-0.75-32 0.589 0.358 0.381 0.533
model-1-13-256-0.0001-0.0001-0.75-64 0.57 0.347 0.416 0.528
model-1-13-256-0.0001-0.0001-1.0-32 0.595 0.36 0.366 0.533
model-1-13-256-0.0001-0.0001-1.0-64 0.591 0.354 0.362 0.529
model-1-13-256-0.001-0.001-0.5-32 0.578 0.357 0.424 0.537
model-1-13-256-0.001-0.001-0.5-64 0.611 0.362 0.309 0.529
model-1-13-256-0.001-0.001-0.75-32 0.638 0.381 0.239 0.53
model-1-13-256-0.001-0.001-0.75-64 0.618 0.38 0.34 0.543
model-1-13-256-0.001-0.001-1.0-32 0.628 0.384 0.299 0.539
model-1-13-256-0.001-0.001-1.0-64 0.634 0.393 0.298 0.543
model-1-13-256-0.001-0.0001-0.5-32 0.61 0.359 0.305 0.527
model-1-13-256-0.001-0.0001-0.5-64 0.567 0.347 0.427 0.529
model-1-13-256-0.001-0.0001-0.75-32 0.562 0.34 0.414 0.522
model-1-13-256-0.001-0.0001-0.75-64 0.601 0.367 0.368 0.538
model-1-13-256-0.001-0.0001-1.0-32 0.616 0.371 0.319 0.535
model-1-13-256-0.001-0.0001-1.0-64 0.628 0.389 0.318 0.544
model-1-13-256-0.0-0.001-0.5-32 0.568 0.356 0.462 0.539
model-1-13-256-0.0-0.001-0.5-64 0.65 0.366 0.15 0.515
model-1-13-256-0.0-0.001-0.75-32 0.628 0.373 0.267 0.53
model-1-13-256-0.0-0.001-0.75-64 0.647 0.385 0.205 0.527
model-1-13-256-0.0-0.001-1.0-32 0.637 0.349 0.176 0.513
model-1-13-256-0.0-0.001-1.0-64 0.647 0.382 0.196 0.525
model-1-13-256-0.0-0.0001-0.5-32 0.611 0.364 0.316 0.531
model-1-13-256-0.0-0.0001-0.5-64 0.56 0.359 0.503 0.545
model-1-13-256-0.0-0.0001-0.75-32 0.598 0.371 0.397 0.544
model-1-13-256-0.0-0.0001-0.75-64 0.57 0.348 0.419 0.529
model-1-13-256-0.0-0.0001-1.0-32 0.605 0.367 0.348 0.536
model-1-13-256-0.0-0.0001-1.0-64 0.595 0.348 0.325 0.522
model-3-7-64-0.0001-0.001-0.5-32 0.689 0.352 0.009 0.501
model-3-7-64-0.0001-0.001-0.5-64 0.686 0.279 0.01 0.499
model-3-7-64-0.0001-0.001-0.75-32 0.668 0.297 0.054 0.498
model-3-7-64-0.0001-0.001-0.75-64 0.664 0.335 0.088 0.505
model-3-7-64-0.0001-0.001-1.0-32 0.685 0.286 0.013 0.499
model-3-7-64-0.0001-0.001-1.0-64 0.642 0.315 0.136 0.502
model-3-7-64-0.0001-0.0001-0.5-32 0.623 0.31 0.181 0.501
model-3-7-64-0.0001-0.0001-0.5-64 0.496 0.313 0.527 0.505
model-3-7-64-0.0001-0.0001-0.75-32 0.633 0.303 0.144 0.498
model-3-7-64-0.0001-0.0001-0.75-64 0.571 0.307 0.308 0.498
model-3-7-64-0.0001-0.0001-1.0-32 0.629 0.312 0.167 0.501
model-3-7-64-0.0001-0.0001-1.0-64 0.62 0.316 0.198 0.503
model-3-7-64-0.001-0.001-0.5-32 0.688 0.282 0.006 0.5
model-3-7-64-0.001-0.001-0.5-64 0.691 0.0 0.0 0.5
model-3-7-64-0.001-0.001-0.75-32 0.682 0.273 0.018 0.498
model-3-7-64-0.001-0.001-0.75-64 0.673 0.303 0.046 0.499
model-3-7-64-0.001-0.001-1.0-32 0.684 0.342 0.025 0.502
model-3-7-64-0.001-0.001-1.0-64 0.654 0.292 0.084 0.496
model-3-7-64-0.001-0.0001-0.5-32 0.631 0.309 0.158 0.5
model-3-7-64-0.001-0.0001-0.5-64 0.663 0.329 0.087 0.504
model-3-7-64-0.001-0.0001-0.75-32 0.632 0.301 0.146 0.497
model-3-7-64-0.001-0.0001-0.75-64 0.531 0.31 0.423 0.501
model-3-7-64-0.001-0.0001-1.0-32 0.611 0.311 0.213 0.501
model-3-7-64-0.001-0.0001-1.0-64 0.624 0.308 0.175 0.5
model-3-7-64-0.0-0.001-0.5-32 0.683 0.352 0.031 0.503
model-3-7-64-0.0-0.001-0.5-64 0.67 0.311 0.056 0.5
model-3-7-64-0.0-0.001-0.75-32 0.663 0.309 0.073 0.5
model-3-7-64-0.0-0.001-0.75-64 0.668 0.286 0.05 0.497
model-3-7-64-0.0-0.001-1.0-32 0.631 0.313 0.163 0.502
model-3-7-64-0.0-0.001-1.0-64 0.66 0.32 0.089 0.502
model-3-7-64-0.0-0.0001-0.5-32 0.564 0.308 0.331 0.499
model-3-7-64-0.0-0.0001-0.5-64 0.563 0.31 0.338 0.501
model-3-7-64-0.0-0.0001-0.75-32 0.622 0.303 0.172 0.497
model-3-7-64-0.0-0.0001-0.75-64 0.575 0.323 0.344 0.511
model-3-7-64-0.0-0.0001-1.0-32 0.625 0.309 0.171 0.5
model-3-7-64-0.0-0.0001-1.0-64 0.601 0.318 0.256 0.505
model-3-7-100-0.0001-0.001-0.5-32 0.688 0.401 0.02 0.503
model-3-7-100-0.0001-0.001-0.5-64 0.69 0.441 0.01 0.502
model-3-7-100-0.0001-0.001-0.75-32 0.676 0.376 0.074 0.51
model-3-7-100-0.0001-0.001-0.75-64 0.691 0.441 0.005 0.501
model-3-7-100-0.0001-0.001-1.0-32 0.651 0.343 0.141 0.51
model-3-7-100-0.0001-0.001-1.0-64 0.683 0.35 0.031 0.503
model-3-7-100-0.0001-0.0001-0.5-32 0.629 0.311 0.166 0.501
model-3-7-100-0.0001-0.0001-0.5-64 0.629 0.336 0.206 0.512
model-3-7-100-0.0001-0.0001-0.75-32 0.672 0.358 0.078 0.508
model-3-7-100-0.0001-0.0001-0.75-64 0.618 0.32 0.209 0.505
model-3-7-100-0.0001-0.0001-1.0-32 0.677 0.299 0.035 0.499
model-3-7-100-0.0001-0.0001-1.0-64 0.656 0.334 0.114 0.506
model-3-7-100-0.001-0.001-0.5-32 0.69 0.184 0.001 0.499
model-3-7-100-0.001-0.001-0.5-64 0.691 0.483 0.003 0.501
model-3-7-100-0.001-0.001-0.75-32 0.687 0.42 0.031 0.506
model-3-7-100-0.001-0.001-0.75-64 0.69 0.304 0.004 0.5
model-3-7-100-0.001-0.001-1.0-32 0.639 0.347 0.192 0.515
model-3-7-100-0.001-0.001-1.0-64 0.689 0.337 0.007 0.5
model-3-7-100-0.001-0.0001-0.5-32 0.649 0.331 0.134 0.507
model-3-7-100-0.001-0.0001-0.5-64 0.654 0.328 0.116 0.505
model-3-7-100-0.001-0.0001-0.75-32 0.67 0.34 0.073 0.505
model-3-7-100-0.001-0.0001-0.75-64 0.633 0.325 0.173 0.506
model-3-7-100-0.001-0.0001-1.0-32 0.679 0.323 0.037 0.501
model-3-7-100-0.001-0.0001-1.0-64 0.664 0.338 0.09 0.506
model-3-7-100-0.0-0.001-0.5-32 0.69 0.306 0.002 0.5
model-3-7-100-0.0-0.001-0.5-64 0.691 0.357 0.001 0.5
model-3-7-100-0.0-0.001-0.75-32 0.638 0.365 0.233 0.526
model-3-7-100-0.0-0.001-0.75-64 0.69 0.298 0.003 0.5
model-3-7-100-0.0-0.001-1.0-32 0.639 0.363 0.224 0.524
model-3-7-100-0.0-0.001-1.0-64 0.687 0.41 0.026 0.505
model-3-7-100-0.0-0.0001-0.5-32 0.556 0.323 0.399 0.512
model-3-7-100-0.0-0.0001-0.5-64 0.604 0.317 0.244 0.505
model-3-7-100-0.0-0.0001-0.75-32 0.673 0.321 0.052 0.501
model-3-7-100-0.0-0.0001-0.75-64 0.655 0.342 0.128 0.509
model-3-7-100-0.0-0.0001-1.0-32 0.674 0.343 0.058 0.504
model-3-7-100-0.0-0.0001-1.0-64 0.663 0.327 0.084 0.503
model-3-7-256-0.0001-0.001-0.5-32 0.652 0.293 0.089 0.496
model-3-7-256-0.0001-0.001-0.5-64 0.643 0.356 0.193 0.518
model-3-7-256-0.0001-0.001-0.75-32 0.661 0.322 0.088 0.503
model-3-7-256-0.0001-0.001-0.75-64 0.678 0.327 0.041 0.502
model-3-7-256-0.0001-0.001-1.0-32 0.631 0.318 0.169 0.504
model-3-7-256-0.0001-0.001-1.0-64 0.669 0.323 0.064 0.502
model-3-7-256-0.0001-0.0001-0.5-32 0.559 0.315 0.362 0.505
model-3-7-256-0.0001-0.0001-0.5-64 0.494 0.309 0.516 0.5
model-3-7-256-0.0001-0.0001-0.75-32 0.627 0.303 0.159 0.498
model-3-7-256-0.0001-0.0001-0.75-64 0.623 0.293 0.155 0.494
model-3-7-256-0.0001-0.0001-1.0-32 0.609 0.32 0.238 0.506
model-3-7-256-0.0001-0.0001-1.0-64 0.598 0.301 0.228 0.495
model-3-7-256-0.001-0.001-0.5-32 0.667 0.316 0.068 0.501
model-3-7-256-0.001-0.001-0.5-64 0.67 0.289 0.047 0.498
model-3-7-256-0.001-0.001-0.75-32 0.683 0.366 0.036 0.504
model-3-7-256-0.001-0.001-0.75-64 0.667 0.306 0.061 0.5
model-3-7-256-0.001-0.001-1.0-32 0.647 0.313 0.12 0.501
model-3-7-256-0.001-0.001-1.0-64 0.645 0.31 0.122 0.5
model-3-7-256-0.001-0.0001-0.5-32 0.597 0.308 0.244 0.499
model-3-7-256-0.001-0.0001-0.5-64 0.637 0.315 0.149 0.502
model-3-7-256-0.001-0.0001-0.75-32 0.586 0.309 0.274 0.5
model-3-7-256-0.001-0.0001-0.75-64 0.615 0.315 0.21 0.503
model-3-7-256-0.001-0.0001-1.0-32 0.63 0.319 0.174 0.504
model-3-7-256-0.001-0.0001-1.0-64 0.6 0.317 0.257 0.505
model-3-7-256-0.0-0.001-0.5-32 0.676 0.32 0.042 0.501
model-3-7-256-0.0-0.001-0.5-64 0.613 0.328 0.242 0.51
model-3-7-256-0.0-0.001-0.75-32 0.677 0.32 0.04 0.501
model-3-7-256-0.0-0.001-0.75-64 0.644 0.329 0.147 0.507
model-3-7-256-0.0-0.001-1.0-32 0.641 0.311 0.133 0.501
model-3-7-256-0.0-0.001-1.0-64 0.67 0.329 0.065 0.503
model-3-7-256-0.0-0.0001-0.5-32 0.626 0.315 0.179 0.502
model-3-7-256-0.0-0.0001-0.5-64 0.619 0.311 0.192 0.501
model-3-7-256-0.0-0.0001-0.75-32 0.642 0.302 0.122 0.498
model-3-7-256-0.0-0.0001-0.75-64 0.601 0.315 0.248 0.503
model-3-7-256-0.0-0.0001-1.0-32 0.616 0.319 0.214 0.505
model-3-7-256-0.0-0.0001-1.0-64 0.613 0.315 0.216 0.503
model-3-9-64-0.0001-0.001-0.5-32 0.682 0.331 0.025 0.501
model-3-9-64-0.0001-0.001-0.5-64 0.603 0.321 0.253 0.506
model-3-9-64-0.0001-0.001-0.75-32 0.628 0.332 0.198 0.51
model-3-9-64-0.0001-0.001-0.75-64 0.674 0.299 0.037 0.499
model-3-9-64-0.0001-0.001-1.0-32 0.647 0.291 0.098 0.495
model-3-9-64-0.0001-0.001-1.0-64 0.613 0.309 0.201 0.499
model-3-9-64-0.0001-0.0001-0.5-32 0.555 0.314 0.367 0.503
model-3-9-64-0.0001-0.0001-0.5-64 0.528 0.311 0.43 0.501
model-3-9-64-0.0001-0.0001-0.75-32 0.551 0.302 0.341 0.493
model-3-9-64-0.0001-0.0001-0.75-64 0.578 0.307 0.288 0.498
model-3-9-64-0.0001-0.0001-1.0-32 0.62 0.312 0.189 0.501
model-3-9-64-0.0001-0.0001-1.0-64 0.637 0.315 0.147 0.502
model-3-9-64-0.001-0.001-0.5-32 0.68 0.326 0.03 0.501
model-3-9-64-0.001-0.001-0.5-64 0.69 1.0 0.0 0.5
model-3-9-64-0.001-0.001-0.75-32 0.689 0.379 0.002 0.5
model-3-9-64-0.001-0.001-0.75-64 0.664 0.332 0.082 0.504
model-3-9-64-0.001-0.001-1.0-32 0.68 0.342 0.034 0.502
model-3-9-64-0.001-0.001-1.0-64 0.667 0.319 0.064 0.501
model-3-9-64-0.001-0.0001-0.5-32 0.55 0.314 0.381 0.503
model-3-9-64-0.001-0.0001-0.5-64 0.502 0.313 0.506 0.503
model-3-9-64-0.001-0.0001-0.75-32 0.53 0.312 0.427 0.502
model-3-9-64-0.001-0.0001-0.75-64 0.543 0.309 0.384 0.499
model-3-9-64-0.001-0.0001-1.0-32 0.615 0.301 0.183 0.496
model-3-9-64-0.001-0.0001-1.0-64 0.604 0.292 0.194 0.491
model-3-9-64-0.0-0.001-0.5-32 0.674 0.317 0.045 0.501
model-3-9-64-0.0-0.001-0.5-64 0.668 0.33 0.068 0.503
model-3-9-64-0.0-0.001-0.75-32 0.651 0.306 0.099 0.499
model-3-9-64-0.0-0.001-0.75-64 0.628 0.341 0.213 0.514
model-3-9-64-0.0-0.001-1.0-32 0.682 0.34 0.027 0.502
model-3-9-64-0.0-0.001-1.0-64 0.628 0.315 0.169 0.502
model-3-9-64-0.0-0.0001-0.5-32 0.653 0.302 0.09 0.498
model-3-9-64-0.0-0.0001-0.5-64 0.666 0.285 0.052 0.497
model-3-9-64-0.0-0.0001-0.75-32 0.64 0.304 0.124 0.498
model-3-9-64-0.0-0.0001-0.75-64 0.564 0.311 0.333 0.501
model-3-9-64-0.0-0.0001-1.0-32 0.641 0.318 0.139 0.503
model-3-9-64-0.0-0.0001-1.0-64 0.619 0.313 0.191 0.501
model-3-9-100-0.0001-0.001-0.5-32 0.687 0.342 0.011 0.501
model-3-9-100-0.0001-0.001-0.5-64 0.651 0.338 0.13 0.508
model-3-9-100-0.0001-0.001-0.75-32 0.685 0.364 0.021 0.502
model-3-9-100-0.0001-0.001-0.75-64 0.644 0.342 0.162 0.511
model-3-9-100-0.0001-0.001-1.0-32 0.679 0.323 0.032 0.501
model-3-9-100-0.0001-0.001-1.0-64 0.641 0.333 0.158 0.508
model-3-9-100-0.0001-0.0001-0.5-32 0.577 0.337 0.375 0.522
model-3-9-100-0.0001-0.0001-0.5-64 0.598 0.339 0.312 0.519
model-3-9-100-0.0001-0.0001-0.75-32 0.628 0.347 0.224 0.517
model-3-9-100-0.0001-0.0001-0.75-64 0.596 0.349 0.351 0.528
model-3-9-100-0.0001-0.0001-1.0-32 0.615 0.337 0.249 0.514
model-3-9-100-0.0001-0.0001-1.0-64 0.634 0.363 0.24 0.525
model-3-9-100-0.001-0.001-0.5-32 0.683 0.309 0.018 0.5
model-3-9-100-0.001-0.001-0.5-64 0.64 0.346 0.182 0.514
model-3-9-100-0.001-0.001-0.75-32 0.688 0.34 0.007 0.5
model-3-9-100-0.001-0.001-0.75-64 0.597 0.353 0.358 0.531
model-3-9-100-0.001-0.001-1.0-32 0.688 0.34 0.008 0.5
model-3-9-100-0.001-0.001-1.0-64 0.645 0.343 0.158 0.511
model-3-9-100-0.001-0.0001-0.5-32 0.606 0.336 0.28 0.516
model-3-9-100-0.001-0.0001-0.5-64 0.616 0.36 0.305 0.531
model-3-9-100-0.001-0.0001-0.75-32 0.634 0.337 0.185 0.511
model-3-9-100-0.001-0.0001-0.75-64 0.611 0.342 0.275 0.518
model-3-9-100-0.001-0.0001-1.0-32 0.646 0.36 0.184 0.518
model-3-9-100-0.001-0.0001-1.0-64 0.629 0.348 0.227 0.518
model-3-9-100-0.0-0.001-0.5-32 0.68 0.345 0.035 0.503
model-3-9-100-0.0-0.001-0.5-64 0.634 0.341 0.193 0.513
model-3-9-100-0.0-0.001-0.75-32 0.682 0.337 0.025 0.501
model-3-9-100-0.0-0.001-0.75-64 0.638 0.341 0.179 0.512
model-3-9-100-0.0-0.001-1.0-32 0.681 0.28 0.018 0.499
model-3-9-100-0.0-0.001-1.0-64 0.639 0.348 0.188 0.515
model-3-9-100-0.0-0.0001-0.5-32 0.663 0.354 0.107 0.51
model-3-9-100-0.0-0.0001-0.5-64 0.615 0.352 0.288 0.525
model-3-9-100-0.0-0.0001-0.75-32 0.617 0.333 0.234 0.512
model-3-9-100-0.0-0.0001-0.75-64 0.593 0.347 0.354 0.527
model-3-9-100-0.0-0.0001-1.0-32 0.649 0.334 0.132 0.507
model-3-9-100-0.0-0.0001-1.0-64 0.615 0.348 0.275 0.522
model-3-9-256-0.0001-0.001-0.5-32 0.634 0.354 0.22 0.52
model-3-9-256-0.0001-0.001-0.5-64 0.625 0.323 0.192 0.506
model-3-9-256-0.0001-0.001-0.75-32 0.655 0.3 0.084 0.498
model-3-9-256-0.0001-0.001-0.75-64 0.602 0.324 0.261 0.508
model-3-9-256-0.0001-0.001-1.0-32 0.66 0.335 0.098 0.505
model-3-9-256-0.0001-0.001-1.0-64 0.633 0.332 0.182 0.509
model-3-9-256-0.0001-0.0001-0.5-32 0.599 0.316 0.252 0.503
model-3-9-256-0.0001-0.0001-0.5-64 0.576 0.309 0.298 0.499
model-3-9-256-0.0001-0.0001-0.75-32 0.611 0.315 0.216 0.502
model-3-9-256-0.0001-0.0001-0.75-64 0.568 0.307 0.314 0.498
model-3-9-256-0.0001-0.0001-1.0-32 0.62 0.315 0.193 0.502
model-3-9-256-0.0001-0.0001-1.0-64 0.625 0.313 0.175 0.501
model-3-9-256-0.001-0.001-0.5-32 0.676 0.339 0.046 0.503
model-3-9-256-0.001-0.001-0.5-64 0.646 0.315 0.121 0.501
model-3-9-256-0.001-0.001-0.75-32 0.667 0.311 0.06 0.5
model-3-9-256-0.001-0.001-0.75-64 0.658 0.339 0.107 0.507
model-3-9-256-0.001-0.001-1.0-32 0.638 0.32 0.149 0.503
model-3-9-256-0.001-0.001-1.0-64 0.599 0.323 0.267 0.508
model-3-9-256-0.001-0.0001-0.5-32 0.608 0.298 0.195 0.494
model-3-9-256-0.001-0.0001-0.5-64 0.545 0.312 0.387 0.502
model-3-9-256-0.001-0.0001-0.75-32 0.591 0.316 0.272 0.503
model-3-9-256-0.001-0.0001-0.75-64 0.538 0.301 0.371 0.492
model-3-9-256-0.001-0.0001-1.0-32 0.613 0.305 0.194 0.498
model-3-9-256-0.001-0.0001-1.0-64 0.602 0.321 0.254 0.507
model-3-9-256-0.0-0.001-0.5-32 0.659 0.338 0.102 0.506
model-3-9-256-0.0-0.001-0.5-64 0.642 0.302 0.117 0.498
model-3-9-256-0.0-0.001-0.75-32 0.645 0.321 0.128 0.503
model-3-9-256-0.0-0.001-0.75-64 0.633 0.348 0.208 0.516
model-3-9-256-0.0-0.001-1.0-32 0.645 0.337 0.149 0.509
model-3-9-256-0.0-0.001-1.0-64 0.645 0.331 0.144 0.507
model-3-9-256-0.0-0.0001-0.5-32 0.681 0.327 0.028 0.501
model-3-9-256-0.0-0.0001-0.5-64 0.656 0.336 0.111 0.506
model-3-9-256-0.0-0.0001-0.75-32 0.567 0.301 0.3 0.493
model-3-9-256-0.0-0.0001-0.75-64 0.549 0.31 0.37 0.5
model-3-9-256-0.0-0.0001-1.0-32 0.614 0.313 0.205 0.501
model-3-9-256-0.0-0.0001-1.0-64 0.602 0.306 0.224 0.498
model-3-11-64-0.0001-0.001-0.5-32 0.67 0.314 0.054 0.5
model-3-11-64-0.0001-0.001-0.5-64 0.675 0.328 0.045 0.502
model-3-11-64-0.0001-0.001-0.75-32 0.663 0.316 0.074 0.501
model-3-11-64-0.0001-0.001-0.75-64 0.65 0.32 0.113 0.502
model-3-11-64-0.0001-0.001-1.0-32 0.654 0.329 0.111 0.505
model-3-11-64-0.0001-0.001-1.0-64 0.624 0.341 0.228 0.515
model-3-11-64-0.0001-0.0001-0.5-32 0.517 0.309 0.45 0.499
model-3-11-64-0.0001-0.0001-0.5-64 0.665 0.298 0.058 0.498
model-3-11-64-0.0001-0.0001-0.75-32 0.617 0.323 0.212 0.506
model-3-11-64-0.0001-0.0001-0.75-64 0.631 0.313 0.158 0.501
model-3-11-64-0.0001-0.0001-1.0-32 0.636 0.302 0.132 0.497
model-3-11-64-0.0001-0.0001-1.0-64 0.633 0.322 0.164 0.504
model-3-11-64-0.001-0.001-0.5-32 0.69 1.0 0.001 0.5
model-3-11-64-0.001-0.001-0.5-64 0.689 0.375 0.001 0.5
model-3-11-64-0.001-0.001-0.75-32 0.675 0.323 0.042 0.501
model-3-11-64-0.001-0.001-0.75-64 0.63 0.311 0.157 0.5
model-3-11-64-0.001-0.001-1.0-32 0.664 0.319 0.073 0.501
model-3-11-64-0.001-0.001-1.0-64 0.601 0.312 0.238 0.501
model-3-11-64-0.001-0.0001-0.5-32 0.674 0.27 0.029 0.497
model-3-11-64-0.001-0.0001-0.5-64 0.67 0.301 0.047 0.499
model-3-11-64-0.001-0.0001-0.75-32 0.632 0.323 0.17 0.505
model-3-11-64-0.001-0.0001-0.75-64 0.559 0.315 0.359 0.504
model-3-11-64-0.001-0.0001-1.0-32 0.652 0.319 0.107 0.502
model-3-11-64-0.001-0.0001-1.0-64 0.613 0.327 0.233 0.509
model-3-11-64-0.0-0.001-0.5-32 0.654 0.31 0.094 0.5
model-3-11-64-0.0-0.001-0.5-64 0.675 0.326 0.044 0.501
model-3-11-64-0.0-0.001-0.75-32 0.663 0.298 0.062 0.498
model-3-11-64-0.0-0.001-0.75-64 0.616 0.321 0.211 0.505
model-3-11-64-0.0-0.001-1.0-32 0.646 0.296 0.101 0.496
model-3-11-64-0.0-0.001-1.0-64 0.615 0.322 0.215 0.506
model-3-11-64-0.0-0.0001-0.5-32 0.605 0.305 0.212 0.497
model-3-11-64-0.0-0.0001-0.5-64 0.608 0.295 0.19 0.493
model-3-11-64-0.0-0.0001-0.75-32 0.657 0.307 0.084 0.499
model-3-11-64-0.0-0.0001-0.75-64 0.588 0.303 0.253 0.496
model-3-11-64-0.0-0.0001-1.0-32 0.576 0.32 0.325 0.507
model-3-11-64-0.0-0.0001-1.0-64 0.617 0.316 0.2 0.502
model-3-11-100-0.0001-0.001-0.5-32 0.662 0.341 0.094 0.506
model-3-11-100-0.0001-0.001-0.5-64 0.655 0.366 0.153 0.517
model-3-11-100-0.0001-0.001-0.75-32 0.671 0.342 0.063 0.504
model-3-11-100-0.0001-0.001-0.75-64 0.65 0.36 0.163 0.516
model-3-11-100-0.0001-0.001-1.0-32 0.677 0.325 0.038 0.501
model-3-11-100-0.0001-0.001-1.0-64 0.649 0.369 0.184 0.521
model-3-11-100-0.0001-0.0001-0.5-32 0.598 0.309 0.24 0.499
model-3-11-100-0.0001-0.0001-0.5-64 0.616 0.337 0.245 0.514
model-3-11-100-0.0001-0.0001-0.75-32 0.606 0.348 0.306 0.524
model-3-11-100-0.0001-0.0001-0.75-64 0.644 0.365 0.198 0.521
model-3-11-100-0.0001-0.0001-1.0-32 0.616 0.329 0.227 0.509
model-3-11-100-0.0001-0.0001-1.0-64 0.624 0.336 0.215 0.512
model-3-11-100-0.001-0.001-0.5-32 0.669 0.339 0.071 0.504
model-3-11-100-0.001-0.001-0.5-64 0.663 0.347 0.097 0.507
model-3-11-100-0.001-0.001-0.75-32 0.667 0.344 0.079 0.506
model-3-11-100-0.001-0.001-0.75-64 0.658 0.356 0.124 0.511
model-3-11-100-0.001-0.001-1.0-32 0.653 0.353 0.14 0.512
model-3-11-100-0.001-0.001-1.0-64 0.611 0.343 0.276 0.519
model-3-11-100-0.001-0.0001-0.5-32 0.588 0.316 0.28 0.503
model-3-11-100-0.001-0.0001-0.5-64 0.636 0.369 0.243 0.528
model-3-11-100-0.001-0.0001-0.75-32 0.622 0.324 0.202 0.506
model-3-11-100-0.001-0.0001-0.75-64 0.631 0.35 0.22 0.518
model-3-11-100-0.001-0.0001-1.0-32 0.63 0.35 0.224 0.518
model-3-11-100-0.001-0.0001-1.0-64 0.659 0.378 0.153 0.52
model-3-11-100-0.0-0.001-0.5-32 0.642 0.362 0.198 0.52
model-3-11-100-0.0-0.001-0.5-64 0.652 0.35 0.143 0.512
model-3-11-100-0.0-0.001-0.75-32 0.664 0.388 0.143 0.521
model-3-11-100-0.0-0.001-0.75-64 0.646 0.356 0.173 0.516
model-3-11-100-0.0-0.001-1.0-32 0.659 0.359 0.125 0.512
model-3-11-100-0.0-0.001-1.0-64 0.653 0.372 0.17 0.52
model-3-11-100-0.0-0.0001-0.5-32 0.619 0.326 0.213 0.507
model-3-11-100-0.0-0.0001-0.5-64 0.647 0.374 0.203 0.525
model-3-11-100-0.0-0.0001-0.75-32 0.622 0.335 0.22 0.512
model-3-11-100-0.0-0.0001-0.75-64 0.653 0.371 0.169 0.52
model-3-11-100-0.0-0.0001-1.0-32 0.629 0.316 0.166 0.502
model-3-11-100-0.0-0.0001-1.0-64 0.623 0.362 0.279 0.529
model-3-11-256-0.0001-0.001-0.5-32 0.611 0.305 0.2 0.498
model-3-11-256-0.0001-0.001-0.5-64 0.637 0.333 0.169 0.508
model-3-11-256-0.0001-0.001-0.75-32 0.64 0.312 0.133 0.5
model-3-11-256-0.0001-0.001-0.75-64 0.645 0.36 0.186 0.519
model-3-11-256-0.0001-0.001-1.0-32 0.643 0.295 0.107 0.496
model-3-11-256-0.0001-0.001-1.0-64 0.632 0.323 0.169 0.505
model-3-11-256-0.0001-0.0001-0.5-32 0.667 0.322 0.066 0.502
model-3-11-256-0.0001-0.0001-0.5-64 0.664 0.32 0.072 0.502
model-3-11-256-0.0001-0.0001-0.75-32 0.556 0.306 0.34 0.497
model-3-11-256-0.0001-0.0001-0.75-64 0.631 0.323 0.172 0.505
model-3-11-256-0.0001-0.0001-1.0-32 0.563 0.297 0.298 0.49
model-3-11-256-0.0001-0.0001-1.0-64 0.632 0.299 0.139 0.496
model-3-11-256-0.001-0.001-0.5-32 0.665 0.297 0.058 0.498
model-3-11-256-0.001-0.001-0.5-64 0.625 0.306 0.164 0.498
model-3-11-256-0.001-0.001-0.75-32 0.623 0.305 0.169 0.498
model-3-11-256-0.001-0.001-0.75-64 0.633 0.314 0.152 0.501
model-3-11-256-0.001-0.001-1.0-32 0.621 0.312 0.183 0.501
model-3-11-256-0.001-0.001-1.0-64 0.658 0.356 0.124 0.512
model-3-11-256-0.001-0.0001-0.5-32 0.515 0.308 0.449 0.497
model-3-11-256-0.001-0.0001-0.5-64 0.624 0.293 0.15 0.494
model-3-11-256-0.001-0.0001-0.75-32 0.639 0.311 0.134 0.5
model-3-11-256-0.001-0.0001-0.75-64 0.617 0.301 0.177 0.496
model-3-11-256-0.001-0.0001-1.0-32 0.571 0.312 0.316 0.501
model-3-11-256-0.001-0.0001-1.0-64 0.625 0.325 0.195 0.506
model-3-11-256-0.0-0.001-0.5-32 0.64 0.296 0.115 0.496
model-3-11-256-0.0-0.001-0.5-64 0.63 0.334 0.195 0.51
model-3-11-256-0.0-0.001-0.75-32 0.64 0.324 0.148 0.504
model-3-11-256-0.0-0.001-0.75-64 0.617 0.34 0.247 0.515
model-3-11-256-0.0-0.001-1.0-32 0.663 0.31 0.069 0.5
model-3-11-256-0.0-0.001-1.0-64 0.62 0.339 0.236 0.515
model-3-11-256-0.0-0.0001-0.5-32 0.655 0.293 0.078 0.497
model-3-11-256-0.0-0.0001-0.5-64 0.646 0.307 0.113 0.499
model-3-11-256-0.0-0.0001-0.75-32 0.619 0.314 0.192 0.501
model-3-11-256-0.0-0.0001-0.75-64 0.587 0.309 0.265 0.499
model-3-11-256-0.0-0.0001-1.0-32 0.623 0.324 0.196 0.506
model-3-11-256-0.0-0.0001-1.0-64 0.622 0.321 0.196 0.505
model-3-13-64-0.0001-0.001-0.5-32 0.665 0.305 0.06 0.499
model-3-13-64-0.0001-0.001-0.5-64 0.684 0.349 0.019 0.501
model-3-13-64-0.0001-0.001-0.75-32 0.652 0.297 0.086 0.497
model-3-13-64-0.0001-0.001-0.75-64 0.634 0.311 0.147 0.5
model-3-13-64-0.0001-0.001-1.0-32 0.636 0.325 0.158 0.505
model-3-13-64-0.0001-0.001-1.0-64 0.622 0.325 0.2 0.506
model-3-13-64-0.0001-0.0001-0.5-32 0.643 0.327 0.141 0.505
model-3-13-64-0.0001-0.0001-0.5-64 0.567 0.314 0.332 0.503
model-3-13-64-0.0001-0.0001-0.75-32 0.586 0.306 0.26 0.497
model-3-13-64-0.0001-0.0001-0.75-64 0.588 0.317 0.281 0.504
model-3-13-64-0.0001-0.0001-1.0-32 0.586 0.288 0.225 0.487
model-3-13-64-0.0001-0.0001-1.0-64 0.613 0.332 0.242 0.511
model-3-13-64-0.001-0.001-0.5-32 0.679 0.298 0.024 0.499
model-3-13-64-0.001-0.001-0.5-64 0.68 0.238 0.013 0.497
model-3-13-64-0.001-0.001-0.75-32 0.685 0.318 0.011 0.5
model-3-13-64-0.001-0.001-0.75-64 0.655 0.346 0.124 0.509
model-3-13-64-0.001-0.001-1.0-32 0.657 0.324 0.094 0.503
model-3-13-64-0.001-0.001-1.0-64 0.66 0.344 0.103 0.507
model-3-13-64-0.001-0.0001-0.5-32 0.608 0.314 0.218 0.501
model-3-13-64-0.001-0.0001-0.5-64 0.611 0.321 0.224 0.505
model-3-13-64-0.001-0.0001-0.75-32 0.572 0.309 0.303 0.499
model-3-13-64-0.001-0.0001-0.75-64 0.582 0.308 0.276 0.498
model-3-13-64-0.001-0.0001-1.0-32 0.594 0.29 0.212 0.489
model-3-13-64-0.001-0.0001-1.0-64 0.604 0.309 0.222 0.499
model-3-13-64-0.0-0.001-0.5-32 0.685 0.321 0.013 0.5
model-3-13-64-0.0-0.001-0.5-64 0.595 0.295 0.218 0.492
model-3-13-64-0.0-0.001-0.75-32 0.655 0.301 0.083 0.498
model-3-13-64-0.0-0.001-0.75-64 0.63 0.324 0.174 0.505
model-3-13-64-0.0-0.001-1.0-32 0.66 0.331 0.09 0.504
model-3-13-64-0.0-0.001-1.0-64 0.602 0.304 0.218 0.496
model-3-13-64-0.0-0.0001-0.5-32 0.517 0.313 0.466 0.503
model-3-13-64-0.0-0.0001-0.5-64 0.561 0.313 0.344 0.502
model-3-13-64-0.0-0.0001-0.75-32 0.533 0.306 0.397 0.496
model-3-13-64-0.0-0.0001-0.75-64 0.57 0.303 0.294 0.494
model-3-13-64-0.0-0.0001-1.0-32 0.603 0.315 0.234 0.502
model-3-13-64-0.0-0.0001-1.0-64 0.595 0.308 0.242 0.498
model-3-13-100-0.0001-0.001-0.5-32 0.666 0.331 0.073 0.503
model-3-13-100-0.0001-0.001-0.5-64 0.653 0.358 0.146 0.514
model-3-13-100-0.0001-0.001-0.75-32 0.658 0.336 0.101 0.505
model-3-13-100-0.0001-0.001-0.75-64 0.653 0.361 0.152 0.515
model-3-13-100-0.0001-0.001-1.0-32 0.684 0.296 0.013 0.5
model-3-13-100-0.0001-0.001-1.0-64 0.645 0.357 0.177 0.516
model-3-13-100-0.0001-0.0001-0.5-32 0.661 0.318 0.08 0.501
model-3-13-100-0.0001-0.0001-0.5-64 0.634 0.324 0.162 0.505
model-3-13-100-0.0001-0.0001-0.75-32 0.626 0.297 0.149 0.495
model-3-13-100-0.0001-0.0001-0.75-64 0.572 0.298 0.276 0.491
model-3-13-100-0.0001-0.0001-1.0-32 0.618 0.345 0.254 0.518
model-3-13-100-0.0001-0.0001-1.0-64 0.625 0.349 0.237 0.519
model-3-13-100-0.001-0.001-0.5-32 0.638 0.323 0.151 0.504
model-3-13-100-0.001-0.001-0.5-64 0.635 0.356 0.216 0.52
model-3-13-100-0.001-0.001-0.75-32 0.647 0.33 0.133 0.506
model-3-13-100-0.001-0.001-0.75-64 0.647 0.374 0.201 0.525
model-3-13-100-0.001-0.001-1.0-32 0.625 0.32 0.184 0.504
model-3-13-100-0.001-0.001-1.0-64 0.639 0.363 0.214 0.522
model-3-13-100-0.001-0.0001-0.5-32 0.662 0.336 0.088 0.505
model-3-13-100-0.001-0.0001-0.5-64 0.6 0.338 0.298 0.517
model-3-13-100-0.001-0.0001-0.75-32 0.641 0.299 0.114 0.497
model-3-13-100-0.001-0.0001-0.75-64 0.638 0.367 0.226 0.525
model-3-13-100-0.001-0.0001-1.0-32 0.652 0.358 0.15 0.514
model-3-13-100-0.001-0.0001-1.0-64 0.622 0.352 0.256 0.521
model-3-13-100-0.0-0.001-0.5-32 0.665 0.358 0.098 0.509
model-3-13-100-0.0-0.001-0.5-64 0.657 0.376 0.156 0.52
model-3-13-100-0.0-0.001-0.75-32 0.665 0.323 0.071 0.502
model-3-13-100-0.0-0.001-0.75-64 0.651 0.359 0.155 0.515
model-3-13-100-0.0-0.001-1.0-32 0.683 0.299 0.014 0.5
model-3-13-100-0.0-0.001-1.0-64 0.656 0.375 0.16 0.52
model-3-13-100-0.0-0.0001-0.5-32 0.564 0.317 0.348 0.504
model-3-13-100-0.0-0.0001-0.5-64 0.667 0.307 0.056 0.499
model-3-13-100-0.0-0.0001-0.75-32 0.645 0.343 0.156 0.511
model-3-13-100-0.0-0.0001-0.75-64 0.613 0.352 0.292 0.525
model-3-13-100-0.0-0.0001-1.0-32 0.635 0.341 0.184 0.512
model-3-13-100-0.0-0.0001-1.0-64 0.623 0.34 0.226 0.514
model-3-13-256-0.0001-0.001-0.5-32 0.616 0.31 0.193 0.5
model-3-13-256-0.0001-0.001-0.5-64 0.64 0.347 0.179 0.514
model-3-13-256-0.0001-0.001-0.75-32 0.668 0.347 0.076 0.506
model-3-13-256-0.0001-0.001-0.75-64 0.628 0.351 0.231 0.519
model-3-13-256-0.0001-0.001-1.0-32 0.631 0.311 0.152 0.5
model-3-13-256-0.0001-0.001-1.0-64 0.625 0.347 0.236 0.518
model-3-13-256-0.0001-0.0001-0.5-32 0.536 0.317 0.426 0.506
model-3-13-256-0.0001-0.0001-0.5-64 0.63 0.316 0.163 0.502
model-3-13-256-0.0001-0.0001-0.75-32 0.529 0.315 0.437 0.504
model-3-13-256-0.0001-0.0001-0.75-64 0.585 0.322 0.3 0.507
model-3-13-256-0.0001-0.0001-1.0-32 0.594 0.314 0.26 0.502
model-3-13-256-0.0001-0.0001-1.0-64 0.581 0.32 0.309 0.507
model-3-13-256-0.001-0.001-0.5-32 0.667 0.35 0.082 0.507
model-3-13-256-0.001-0.001-0.5-64 0.643 0.31 0.12 0.5
model-3-13-256-0.001-0.001-0.75-32 0.621 0.323 0.199 0.505
model-3-13-256-0.001-0.001-0.75-64 0.621 0.328 0.209 0.508
model-3-13-256-0.001-0.001-1.0-32 0.639 0.333 0.159 0.508
model-3-13-256-0.001-0.001-1.0-64 0.652 0.377 0.182 0.523
model-3-13-256-0.001-0.0001-0.5-32 0.579 0.32 0.314 0.506
model-3-13-256-0.001-0.0001-0.5-64 0.517 0.314 0.468 0.503
model-3-13-256-0.001-0.0001-0.75-32 0.58 0.319 0.31 0.506
model-3-13-256-0.001-0.0001-0.75-64 0.627 0.31 0.165 0.5
model-3-13-256-0.001-0.0001-1.0-32 0.607 0.322 0.238 0.506
model-3-13-256-0.001-0.0001-1.0-64 0.596 0.314 0.255 0.502
model-3-13-256-0.0-0.001-0.5-32 0.623 0.308 0.17 0.499
model-3-13-256-0.0-0.001-0.5-64 0.67 0.303 0.047 0.499
model-3-13-256-0.0-0.001-0.75-32 0.647 0.306 0.107 0.499
model-3-13-256-0.0-0.001-0.75-64 0.622 0.339 0.227 0.514
model-3-13-256-0.0-0.001-1.0-32 0.646 0.294 0.1 0.496
model-3-13-256-0.0-0.001-1.0-64 0.633 0.33 0.175 0.507
model-3-13-256-0.0-0.0001-0.5-32 0.582 0.302 0.263 0.494
model-3-13-256-0.0-0.0001-0.5-64 0.575 0.321 0.328 0.507
model-3-13-256-0.0-0.0001-0.75-32 0.622 0.319 0.191 0.503
model-3-13-256-0.0-0.0001-0.75-64 0.562 0.307 0.325 0.497
model-3-13-256-0.0-0.0001-1.0-32 0.591 0.31 0.257 0.499
model-3-13-256-0.0-0.0001-1.0-64 0.592 0.316 0.266 0.503